1 9 -1 -1
0 2 -1 -1
1 3 11 -1
2 12 -1 -1
13 76 -1 -1
-1 -1 -1 -1
7 15 -1 -1
6 8 -1 -1
7 17 -1 -1
0 18 -1 -1
-1 -1 -1 -1
2 20 -1 -1
3 13 21 -1
4 12 14 22
13 15 23 -1
6 14 16 -1
15 25 -1 -1
8 26 -1 -1
9 19 27 -1
18 20 -1 -1
11 19 -1 -1
12 22 30 -1
13 21 31 -1
14 32 -1 -1
-1 -1 -1 -1
16 26 34 -1
17 25 -1 -1
18 28 -1 -1
27 29 37 -1
28 30 38 -1
21 29 -1 -1
22 40 -1 -1
23 33 -1 -1
32 34 -1 -1
25 33 43 -1
-1 -1 -1 -1
37 44 -1 -1
28 36 38 46
29 37 39 -1
38 40 -1 -1
31 39 41 49
40 42 -1 -1
41 43 51 -1
34 42 44 52
36 43 -1 -1
-1 -1 -1 -1
37 47 55 -1
46 48 -1 -1
47 57 -1 -1
40 58 -1 -1
51 59 -1 -1
42 50 52 -1
43 51 53 -1
52 62 -1 -1
55 63 -1 -1
46 54 64 -1
-1 -1 -1 -1
48 66 -1 -1
49 59 67 -1
50 58 68 -1
61 69 -1 -1
60 62 -1 -1
53 61 71 -1
54 72 -1 -1
55 65 -1 -1
64 66 74 -1
57 65 67 -1
58 66 68 76
59 67 77 -1
60 78 -1 -1
-1 -1 -1 -1
62 80 -1 -1
63 73 -1 -1
72 74 -1 -1
65 73 -1 -1
-1 -1 -1 -1
4 67 -1 -1
68 78 -1 -1
69 77 79 -1
78 80 -1 -1
71 79 -1 -1